001000010010002600140000000  
001000020020003200140000000  
001000030030003200189000000  
001000040040003200195000000  
001000050050003900140000000  
001000060060005600007000000  
001000070070006700007000000  
001000080080006700097000000  
001000090090006700135000000  
001000100100006700173000000  
001000110110007800007000000  
001000120120007800050000000  
001000130130007800110000000  
001000140140007800160000000  
001000150150009700160000000  
001000160160012000007000000  
001000170170009700062000000  
001000180180010900007000000  
001000190190013000045000000  
001000200200013000155000000  
001000210210010900105000000  
001000220220015400007000000  
001000230230016500007000000  
001000240240016500096000000  
001000250250016500136000000  
001000260260016500174000000  
001000270270017600007000000  
001000280280017600054000000  
001000290290017600100000000  
001000300300017600146000000  
001000310310009700006000000  
001000320320013000006000000  
001000330330013000087000000  
001000340340013000110000000  
001000350350013000130000000  
001000360360013000183000000  
001000370370019100170000000  
001000220220027800007000000  
001000060380027800120000000  
001000220400031100007000000  
001000060410031100120000000  
001000390390004500140000000  
000000000000000000000000000  
000000000000000000000000000  
000000000000000000000000000  
000000000000000000000000000  
000000000000000000000000000  
002000010080000000000000000  
002000012500000000000000000  
002000380010006600145000000  
002000390020007300016000000  
002000410040008000074000000  
002000420050008000124000000  
002000500130010300140000000  
002000510140010300160000000  
002000520150011000025000000  
002000540170011700071000000  
002000540210000000000000000  
002000590220018100085000000  
002000600230018100123000000  
002000610240018100140000000  
002000620250018100182000000  
002000060260025000059000000  
002000110270025500023000000  
002000060310025000059000000  
002000110320025500023000000  
002000060330025000059000000  
002000110340025500023000000  
002000630280026000057000000  
002000650300027000034000000  
000000000000000000000000000  
000000000000000000000000000  
000000000000000000000000000  
000000000000000000000000000  
004000010080000000000000000  
004000012500000000000000000  
004000380010005700030000000  
004000390020005700056000000  
004000410040006100168000000  
004000420050006500017000000  
004000500130007400115000000  
004000510140007400135000000  
004000520150007800020000000  
004000540170008600073000000  
004000560190009100075000000  
004000570200009100128000000  
004000540210000000000000000  
004000590220018100085000000  
004000600230018100123000000  
004000610240018100140000000  
004000620250018100182000000  
004000060260025000059000000  
004000110270025500023000000  
004000060310025000059000000  
004000110320025500023000000  
004000060330025000059000000  
004000110340025500023000000  
004000630280026000057000000  
004000650300027000034000000  
000000000000000000000000000  
000000000000000000000000000  
000000000000000000000000000  
000000000000000000000000000  
000000000000000000000000000  
006000010080005300156000000  
006000012500005300156000000  
006000380010005300156000000  
006000390020006000011000000  
006000410040006700069000000  
006000420050006700110000000  
006000460090008600012000000  
006000470100008600104000000  
006000480110008600148000000  
006000500130010000076000000  
006000510140010000094000000  
006000520150010000133000000  
006000530160010000180000000  
006000540170011200067000000  
006000540210000000000000000  
006000590220018100085000000  
006000600230018100123000000  
006000610240018100140000000  
006000620250018100182000000  
006000060260025000059000000  
006000110270025500023000000  
006000060310025000059000000  
006000110320025500023000000  
006000060330025000059000000  
006000110340025500023000000  
006000630280026000057000000  
006000650300027000034000000  
000000000000000000000000000  
000000000000000000000000000  
000000000000000000000000000  
008000010080005500060000000  
008000012500005500060000000  
008000380010005500060000000  
008000390020005500113000000  
008000410040006600116000000  
008000420050006600167000000  
008000440070007700156000000  
008000460090008300138000000  
008000470100008900117000000  
008000480110008900170000000  
008000500130010000148000000  
008000510140010000165000000  
008000520150010700024000000  
008000530160010700066000000  
008000540170012000073000000  
008000560190013300113000000  
008000570200013300151000000  
008000540210000000000000000  
008000590220018100085000000  
008000600230018100123000000  
008000610240018100140000000  
008000620250018100182000000  
008000060260025000059000000  
008000110270025500023000000  
008000060310025000059000000  
008000110320025500023000000  
008000060330025000059000000  
008000110340025500023000000  
008000630280026000057000000  
008000650300027000034000000  
000000000000000000000000000  
000000000000000000000000000  
000000000000000000000000000  
000000000000000000000000000  
000000000000000000000000000  
000000000000000000000000000  
000000000000000000000000000  
000000000000000000000000000  
000000000000000000000000000  
000000000000000000000000000  
010000010080000000000000000  
010000012500000000000000000  
010000380010005500158000000  
010000390020006000017000000  
010000460090007200078000000  
010000470100007200151000000  
010000480110007800017000000  
010000500130008400146000000  
010000510140008400160000000  
010000520150008900018000000  
010000530160008900060000000  
010000540170012100128000000  
010000550180013300144000000  
010000540210000000000000000  
010000590220018100085000000  
010000600230018100123000000  
010000610240018100140000000  
010000620250018100182000000  
010000060260025000059000000  
010000110270025500023000000  
010000060310025000059000000  
010000110320025500023000000  
010000060330025000059000000  
010000110340025500023000000  
010000630280026000057000000  
010000650300027000034000000  
000000000000000000000000000  
000000000000000000000000000  
000000000000000000000000000  
000000000000000000000000000  
012000010080259009500000000  
012000012500259009500000000  
012000380010259009500000000  
012000390020275000850000000  
012000460090300005200000000  
012000500130322000900000000  
012000510140322002500000000  
012000520150322003200000000  
012000530160322005220000000  
012000470100322006400000000  
012000480110322008000000000  
012000550180347000900000000  
012000540170322010850000000  
012000540210000000000000000  
012000590220018100085000000  
012000600230018100123000000  
012000610240018100140000000  
012000620250018100182000000  
012000060260025000059000000  
012000110270025500023000000  
012000060310025000059000000  
012000110320025500023000000  
012000060330025000059000000  
012000110340025500023000000  
012000630280026000057000000  
012000650300027000034000000  
000000000000000000000000000  
000000000000000000000000000  
000000000000000000000000000  
000000000000000000000000000  
014000010080259009500000000  
014000590220018100085000000  
014000600230018100123000000  
014000610240018100140000000  
014000620250018100182000000  
014000060260025000059000000  
014000110270025500023000000  
014000060270025000059000000  
014000630280026000057000000  
000000000000000000000000000  
000000000000000000000000000  
000000000000000000000000000  
000000000000000000000000000  
000000000000000000000000000  
000000000000000000000000000  
015000010080003200157000320  
015000012500000000000000000  
015000380010003200157000320  
015000390020003700029000690  
015000460090003900047000040  
015000500130003900148000040  
015000510140003900161000150  
015000520150004200040000040  
015000530160004200080000050  
015000540170005300121000100  
015000470100005500110000280  
015000550180007000039000100  
015000540210000000000000000  
015000590220018100085000000  
015000600230018100123000000  
015000610240018100140000000  
015000620250018100182000000  
015000060260025000059000000  
015000110270025500023000000  
015000060310025000059000000  
015000110320025500023000000  
015000060330025000059000000  
015000110340025500023000000  
015000630280026000057000000  
015000650300027000034000000  
000000000000000000000000000  
000000000000000000000000000  
016001460050007600057000000  
016001470060007600156000000  
016001500080008600031000000  
016001460110000000000000000  
016001470120000000000000000  
016001500140000000000000000  
016001470060007600057000000  
016000260070007600155000000  
016001470120000000000000000  
016000260130000000000000000  
016001420010005700015000000  
016001430020005700057000000  
016001440030005700073000000  
016001450040005700122000000  
016001460220007600057000000  
016001470230007600156000000  
016001500250008600031000000  
016001460280000000000000000  
016001470290000000000000000  
016001500310000000000000000  
016001470230007600057000000  
016000260240007600155000000  
016001470280000000000000000  
016000260300000000000000000  
016001420180005700015000000  
016001430190005700057000000  
016001440200005700073000000  
016001450210005700122000000  
000000000000000000000000000  
000000000000000000000000000  
000000000000000000000000000  
000000000000000000000000000  
000000000000000000000000000  
000000000000000000000000000  
000000000000000000000000000  
000000000000000000000000000  
000000000000000000000000000  
000000000000000000000000000  
017000010010002000143000000  
017000020020002600143000000  
017000030030002600190000000  
017000040040002600194000000  
017000050050003200143000000  
017000060060005000007000000  
017000070070006100007000000  
017000090090006100098000000  
017000080080006100135000000  
017000100100006100175000000  
017000110110007100007000000  
017000120120007100050000000  
017000130130007100110000000  
017000140140007100150000000  
017000150150009100007000000  
017000160160009100065000000  
017000170170010300007000000  
017000180180010300100000000  
017000190190011400007000000  
017000200200011400050000000  
017000410380011400075000000  
017000210210011400110000000  
017000220220013800007000000  
017000230230014700007000000  
017000250250014700100000000  
017000240240014700135000000  
017000260260014700175000000  
017000270270015800007000000  
017000280280015800045000000  
017000290290015800105000000  
017000300300015800145000000  
017000310310015800180000000  
017000320320016500105000000  
017000330330016500145000000  
017000340340016500180000000  
017000220220023500007000000  
017000060060023500122000000  
017000220220026300007000000  
017000060060026300122000000  
000000000000000000000000000  
000000000000000000000000000  
000000000000000000000000000  
000000000000000000000000000  
000000000000000000000000000  
000000000000000000000000000  
000000000000000000000000000  
000000000000000000000000000  
000000000000000000000000000  
018000010080005500158000000  
018000012500000000000000000  
018000380010005500158000000  
018000390020006000017000000  
018000460090007200078000000  
018000470410007200151000000  
018000500420008400146000000  
018000510430008400160000000  
018000520440008900018000000  
018000470450007200151000000  
018000500460008400146000000  
018000510470008400160000000  
018000520480008900018000000  
018000470490007200151000000  
018000500500008400146000000  
018000510510008400160000000  
018000520520008900018000000  
018000470530007200151000000  
018000500540008400146000000  
018000510550008400160000000  
018000520560008900018000000  
018000470570007200151000000  
018000500580008400146000000  
018000510590008400160000000  
018000520600008900018000000  
018000470610007200151000000  
018000500620008400146000000  
018000510630008400160000000  
018000520640008900018000000  
018000470650007200151000000  
018000500660008400146000000  
018000510670008400160000000  
018000520680008900018000000  
018000470690007200151000000  
018000500700008400146000000  
018000510710008400160000000  
018000520720008900018000000  
018000470730007200151000000  
018000500740008400146000000  
018000510750008400160000000  
018000520760008900018000000  
018000470770007200151000000  
018000500780008400146000000  
018000510790008400160000000  
018000520800008900018000000  
018000470810007200151000000  
018000500820008400146000000  
018000510830008400160000000  
018000520840008900018000000  
018000470850007200151000000  
018000500860008400146000000  
018000510870008400160000000  
018000520880008900018000000  
018000470890007200151000000  
018000500900008400146000000  
018000510910008400160000000  
018000520920008900018000000  
018000470930007200151000000  
018000500940008400146000000  
018000510950008400160000000  
018000520960008900018000000  
018000470970007200151000000  
018000500980008400146000000  
018000510990008400160000000  
018000521000008900018000000  
018000471010007200151000000  
018000501020008400146000000  
018000511030008400160000000  
018000521040008900018000000  
018000471050007200151000000  
018000501060008400146000000  
018000511070008400160000000  
018000521080008900018000000  
018000471090007200151000000  
018000501100008400146000000  
018000511110008400160000000  
018000521120008900018000000  
018000540170012100128000000  
018000550180013300144000000  
018000540210000000000000000  
018000590220018100085000000  
018000600230018100123000000  
018000610240018100140000000  
018000620250018100182000000  
018000060260025000059000000  
018000110270025500023000000  
018000060310025000059000000  
018000110320025500023000000  
018000060330025000059000000  
018000110340025500023000000  
018000630280026000057000000  
018000650300027000034000000  
019000010080005500158000000  
019000012500000000000000000  
019000380010005500158000000  
019000390020006000017000000  
019000460090007200078000000  
019000470410007200151000000  
019000500420008400146000000  
019000510430008400160000000  
019000520440008900018000000  
019000470450007200151000000  
019000500460008400146000000  
019000510470008400160000000  
019000520480008900018000000  
019000470490007200151000000  
019000500500008400146000000  
019000510510008400160000000  
019000520520008900018000000  
019000520530008900018000000  
019000520540008900018000000  
019000520550008900018000000  
019000520560008900018000000  
019000520570008900018000000  
019000520580008900018000000  
019000520590008900018000000  
019000520600008900018000000  
019000520610008900018000000  
019000520620008900018000000  
019000520630008900018000000  
019000520640008900018000000  
019000520650008900018000000  
019000520660008900018000000  
019000520670008900018000000  
019000520680008900018000000  
019000520690008900018000000  
019000520700008900018000000  
019000520710008900018000000  
019000520720008900018000000  
019000520730008900018000000  
019000520740008900018000000  
019000520750008900018000000  
019000520760008900018000000  
019000470770007200151000000  
019000500780008400146000000  
019000510790008400160000000  
019000520800008900018000000  
019000470810007200151000000  
019000500820008400146000000  
019000510830008400160000000  
019000520840008900018000000  
019000520850008900018000000  
019000520860008900018000000  
019000520870008900018000000  
019000520880008900018000000  
019000520890008900018000000  
019000520900008900018000000  
019000520910008900018000000  
019000520920008900018000000  
019000520930008900018000000  
019000520940008900018000000  
019000520950008900018000000  
019000520960008900018000000  
019000520970008900018000000  
019000520980008900018000000  
019000520990008900018000000  
019000521000008900018000000  
019000521010008900018000000  
019000521020008900018000000  
019000521030008900018000000  
019000521040008900018000000  
019000521050008900018000000  
019000521060008900018000000  
019000521070008900018000000  
019000521080008900018000000  
019000521090008900018000000  
019000521100008900018000000  
019000521110008900018000000  
019000521120008900018000000  
019000520170008900018000000  
019000520180008900018000000  
019000520210008900018000000  
019000520220008900018000000  
019000520230008900018000000  
019000520240008900018000000  
019000520250008900018000000  
019000520260008900018000000  
019000520270008900018000000  
019000520310008900018000000  
019000520320008900018000000  
019000520330008900018000000  
019000520340008900018000000  
019000520280008900018000000  
019000520300008900018000000  
000000000000000000000000000  
000000000000000000000000000  
000000000000000000000000000  
020000010080010300140000000  
020000012500000000000000000  
020000500130010300140000000  
020000510140010300160000000  
020000520150011000025000000  
020000380010006600145000000  
020000390020007300016000000  
020000100390000000000000000  
020000060400025000059000000  
020000540170011700071000000  
020000010390000000000000000  
020000010390000000000000000  
020000010390000000000000000  
020000540210000000000000000  
020000590220018100085000000  
020000600230018100123000000  
020000610240018100140000000  
020000620250018100182000000  
020000060260025000059000000  
020000110270025500023000000  
020000060310025000059000000  
020000110320025500023000000  
020000060330025000059000000  
020000110340025500023000000  
020000630280026000057000000  
020000650300027000034000000  
000000000000000000000000000  
000000000000000000000000000  
000000000000000000000000000  
000000000000000000000000000  
021000010080000000000000000  
021000012500000000000000000  
021000500130010300140000000  
021000510140010300160000000  
021000520150011000025000000  
021000380010006600145000000  
021000390020007300016000000  
021000560190013300113000000  
021000570200013300151000000  
021000010390000000000000000  
021000060400025000059000000  
021000540170011700071000000  
021000010390000000000000000  
021000010390000000000000000  
021000010390000000000000000  
021000540210000000000000000  
021000590220018100085000000  
021000600230018100123000000  
021000610240018100140000000  
021000620250018100182000000  
021000060260025000059000000  
021000110270025500023000000  
021000060310025000059000000  
021000110320025500023000000  
021000060330025000059000000  
021000110340025500023000000  
021000630280026000057000000  
021000650300027000034000000  
000000000000000000000000000  
000000000000000000000000000  
022000010080005500158000000  
022000012500000000000000000  
022000380010005500158000000  
022000390020006000017000000  
022000600230018100123000000  
022000610240018100140000000  
022000620250018100182000000  
022000560190013300113000000  
022000570200013300151000000  
022000540180011700071000000  
022000460090007200078000000  
022000470100007200151000000  
022000480110007800017000000  
022000500130010300140000000  
022000510140010300160000000  
022000520150011000025000000  
022000530160011000025000000  
022000510470008400160000000  
022000510510008400160000000  
022000510550008400160000000  
022000510590008400160000000  
022000501210008400146000000  
022000511220008400160000000  
022000521230008900018000000  
022000460350008900018000000  
022000500360010300140000000  
022000510370010300160000000  
022000520380011000025000000  
022000540210000000000000000  
022000590220018100085000000  
022000600230018100123000000  
022000610240018100140000000  
022000620250018100182000000  
022000060260025000059000000  
022000110270025500023000000  
022000060310025000059000000  
022000110320025500023000000  
022000060330025000059000000  
022000110340025500023000000  
022000630280026000057000000  
022000650300027000034000000  
000000000000000000000000000  
000000000000000000000000000  
000000000000000000000000000  
000000000000000000000000000  
023000010080005500158000000  
023000012500000000000000000  
023000380010005500158000000  
023000390020006000017000000  
023000600230018100123000000  
023000610240018100140000000  
023000620250018100182000000  
023000560190013300113000000  
023000570200013300151000000  
023000540180011700071000000  
023000460090007200078000000  
023000470100007200151000000  
023000480110007800017000000  
023000500130010300140000000  
023000510140010300160000000  
023000520150011000025000000  
023000530160011000025000000  
023000460350008900018000000  
023000500360010300140000000  
023000510370010300160000000  
023000520380011000025000000  
023000540210000000000000000  
023000590220018100085000000  
023000600230018100123000000  
023000610240018100140000000  
023000620250018100182000000  
023000060260025000059000000  
023000110270025500023000000  
023000060310025000059000000  
023000110320025500023000000  
023000060330025000059000000  
023000110340025500023000000  
023000630280026000057000000  
023000650300027000034000000  
000000000000000000000000000  
024000010080005500158000000  
024000012500000000000000000  
024000380010005500158000000  
024000390020006000017000000  
024000600230018100123000000  
024000610240018100140000000  
024000620250018100182000000  
024000560190013300113000000  
024000570200013300151000000  
024000540180011700071000000  
024000460090007200078000000  
024000470100007200151000000  
024000480110007800017000000  
024000500130010300140000000  
024000510140010300160000000  
024000520150011000025000000  
024000530160011000025000000  
024000510470008400160000000  
024000510510008400160000000  
024000501210008400146000000  
024000511220008400160000000  
024000521230008900018000000  
024000460350008900018000000  
024000500360010300140000000  
024000510370010300160000000  
024000520380011000025000000  
024000540210000000000000000  
024000590220018100085000000  
024000600230018100123000000  
024000610240018100140000000  
024000620250018100182000000  
024000060260025000059000000  
024000110270025500023000000  
024000060310025000059000000  
024000110320025500023000000  
024000060330025000059000000  
024000110340025500023000000  
024000630280026000057000000  
024000650300027000034000000  
000000000000000000000000000  
025000010080005500158000000  
025000012500005500158000000  
025000380010005500158000000  
025000390020006000017000000  
025000600230018100123000000  
025000610240018100140000000  
025000620250018100182000000  
025000560190013300113000000  
025000570200013300151000000  
025000460090007200078000000  
025000470410007200151000000  
025000500420008400146000000  
025000510430008400160000000  
025000520440008900018000000  
025000470450007200151000000  
025000500460008400146000000  
025000510470008400160000000  
025000520480008900018000000  
025000470490007200151000000  
025000500500008400146000000  
025000510510008400160000000  
025000520520008900018000000  
025000470530007200151000000  
025000500540008400146000000  
025000510550008400160000000  
025000520560008900018000000  
025000470570007200151000000  
025000500580008400146000000  
025000510590008400160000000  
025000520600008900018000000  
025000470610007200151000000  
025000500620008400146000000  
025000510630008400160000000  
025000520640008900018000000  
025000470650007200151000000  
025000500660008400146000000  
025000510670008400160000000  
025000520680008900018000000  
025000470690007200151000000  
025000500700008400146000000  
025000510710008400160000000  
025000520720008900018000000  
025000470730007200151000000  
025000500740008400146000000  
025000510750008400160000000  
025000520760008900018000000  
025000470770007200151000000  
025000500780008400146000000  
025000510790008400160000000  
025000520800008900018000000  
025000470810007200151000000  
025000500820008400146000000  
025000510830008400160000000  
025000520840008900018000000  
025000470850007200151000000  
025000500860008400146000000  
025000510870008400160000000  
025000520880008900018000000  
025000470890007200151000000  
025000500900008400146000000  
025000510910008400160000000  
025000520920008900018000000  
025000470930007200151000000  
025000500940008400146000000  
025000510950008400160000000  
025000520960008900018000000  
025000470970007200151000000  
025000500980008400146000000  
025000510990008400160000000  
025000521000008900018000000  
025000471010007200151000000  
025000501020008400146000000  
025000511030008400160000000  
025000521040008900018000000  
025000471050007200151000000  
025000501060008400146000000  
025000511070008400160000000  
025000521080008900018000000  
025000471090007200151000000  
025000501100008400146000000  
025000511110008400160000000  
025000521120008900018000000  
025000471130007200151000000  
025000501140008400146000000  
025000511150008400160000000  
025000521160008900018000000  
025000471170007200151000000  
025000501180008400146000000  
025000511190008400160000000  
025000521200008900018000000  
025000540180011700071000000  
025000460350008900018000000  
025000500360010300140000000  
025000510370010300160000000  
025000520380011000025000000  
025000540210000000000000000  
025000590220018100085000000  
025000600230018100123000000  
025000610240018100140000000  
025000620250018100182000000  
025000060260025000059000000  
025000110270025500023000000  
025000060310025000059000000  
025000110320025500023000000  
025000060330025000059000000  
025000110340025500023000000  
025000630280026000057000000  
025000650300027000034000000  
000000000000000000000000000  
000000000000000000000000000  
026000010080005500158000000  
026000380010005500158000000  
026000390020006000017000000  
026000600230018100123000000  
026000610240018100140000000  
026000620250018100182000000  
026000560190013300113000000  
026000570200013300151000000  
026000540180011700071000000  
026000460090007200078000000  
026000680410000000000000000  
026000690420000000000000000  
026000700430000000000000000  
026000710440000000000000000  
026001481210000000000000000  
026001491220000000000000000  
026001501230000000000000000  
026001511240000000000000000  
026000720450000000000000000  
026000730460000000000000000  
026000740470000000000000000  
026000750480000000000000000  
026001521250000000000000000  
026001531260000000000000000  
026001541270000000000000000  
026001551280000000000000000  
026000760490000000000000000  
026000770500000000000000000  
026000780510000000000000000  
026000790520000000000000000  
026001561290000000000000000  
026001571300000000000000000  
026001581310000000000000000  
026001591320000000000000000  
026000800530000000000000000  
026000810540000000000000000  
026000820550000000000000000  
026000830560000000000000000  
026001601330000000000000000  
026001611340000000000000000  
026001621350000000000000000  
026001631360000000000000000  
026000840570000000000000000  
026000850580000000000000000  
026000860590000000000000000  
026000870600000000000000000  
026001641370000000000000000  
026001651380000000000000000  
026001661390000000000000000  
026001671400000000000000000  
026000880610000000000000000  
026000890620000000000000000  
026000900630000000000000000  
026000910640000000000000000  
026001681410000000000000000  
026001691420000000000000000  
026001701430000000000000000  
026001711440000000000000000  
026000920650000000000000000  
026000930660000000000000000  
026000940670000000000000000  
026000950680000000000000000  
026001721450000000000000000  
026001731460000000000000000  
026001741470000000000000000  
026001751480000000000000000  
026000960690000000000000000  
026000970700000000000000000  
026000980710000000000000000  
026000990720000000000000000  
026001761490000000000000000  
026001771500000000000000000  
026001781510000000000000000  
026001791520000000000000000  
026001000730000000000000000  
026001010740000000000000000  
026001020750000000000000000  
026001030760000000000000000  
026001801530000000000000000  
026001811540000000000000000  
026001821550000000000000000  
026001831560000000000000000  
026001040770000000000000000  
026001050780000000000000000  
026001060790000000000000000  
026001070800000000000000000  
026001841570000000000000000  
026001851580000000000000000  
026001861590000000000000000  
026001871600000000000000000  
026001080810000000000000000  
026001090820000000000000000  
026001100830000000000000000  
026001110840000000000000000  
026001881610000000000000000  
026001891620000000000000000  
026001901630000000000000000  
026001911640000000000000000  
026001120850000000000000000  
026001130860000000000000000  
026001140870000000000000000  
026001150880000000000000000  
026001921650000000000000000  
026001931660000000000000000  
026001941670000000000000000  
026001951680000000000000000  
026001160890000000000000000  
026001170900000000000000000  
026001180910000000000000000  
026001190920000000000000000  
026001961690000000000000000  
026001971700000000000000000  
026001981710000000000000000  
026001991720000000000000000  
026001200930000000000000000  
026001210940000000000000000  
026001220950000000000000000  
026001230960000000000000000  
026002001730000000000000000  
026002011740000000000000000  
026002021750000000000000000  
026002031760000000000000000  
026001240970000000000000000  
026001250980000000000000000  
026001260990000000000000000  
026001271000000000000000000  
026002041770000000000000000  
026002051780000000000000000  
026002061790000000000000000  
026002071800000000000000000  
026001281010000000000000000  
026001291020000000000000000  
026001301030000000000000000  
026001311040000000000000000  
026002081810000000000000000  
026002091820000000000000000  
026002101830000000000000000  
026002111840000000000000000  
026001321050000000000000000  
026001331060000000000000000  
026001341070000000000000000  
026001351080000000000000000  
026002121850000000000000000  
026002131860000000000000000  
026002141870000000000000000  
026002151880000000000000000  
026001361090000000000000000  
026001371100000000000000000  
026001381110000000000000000  
026001391120000000000000000  
026002161890000000000000000  
026002171900000000000000000  
026002181910000000000000000  
026002191920000000000000000  
026001401130000000000000000  
026001411140000000000000000  
026001421150000000000000000  
026001431160000000000000000  
026002201930000000000000000  
026002211940000000000000000  
026002221950000000000000000  
026002231960000000000000000  
026001441170000000000000000  
026001451180000000000000000  
026001461190000000000000000  
026001471200000000000000000  
026002241970000000000000000  
026002251980000000000000000  
026002261990000000000000000  
026002272000000000000000000  
026000460090008900018000000  
026000500360010300140000000  
026000510370010300160000000  
026000520380011000025000000  
026000540210000000000000000  
026000590220018100085000000  
026000600230018100123000000  
026000610240018100140000000  
026000620250018100182000000  
026000060260025000059000000  
026000110270025500023000000  
026000060310025000059000000  
026000110320025500023000000  
026000060330025000059000000  
026000110340025500023000000  
026000630280026000057000000  
026000650300027000034000000  
000000000000000000000000000  
000000000000000000000000000  
000000000000000000000000000  
027000010080000000000000000  
027000012500000000000000000  
027000380010006600145000000  
027000390020007300016000000  
027000500130010300140000000  
027000510140010300160000000  
027000520150011000025000000  
027000540170011700071000000  
027000540210000000000000000  
027000590220018100085000000  
027000600230018100123000000  
027000610240018100140000000  
027000620250018100182000000  
027000060260025000059000000  
027000110270025500023000000  
027000060310025000059000000  
027000110320025500023000000  
027000060330025000059000000  
027000110340025500023000000  
027000630280026000057000000  
027000650300027000034000000  
000000000000000000000000000  
028000010080005500158000000  
028000012500005500158000000  
028000380010005500158000000  
028000390020006000017000000  
028000500130007200078000000  
028000510140007200151000000  
028000520150008400146000000  
028000540170008400160000000  
028000600230008900018000000  
028000610240007200151000000  
028000620250008400146000000  
028000560190008400160000000  
028000570200008900018000000  
028000590220007200151000000  
028000600230008400146000000  
028000610240008400160000000  
028000620250008900018000000  
028000060260007200151000000  
028000110270008400146000000  
028000070280008900018000000  
028000080290007200151000000  
028000080390007200151000000  
028000080400007200151000000  
000000000000000000000000000  
029000010080005500158000000  
029000012500005500158000000  
029000010010005500158000000  
029000010020005500158000000  
029000010230005500158000000  
029000010240005500158000000  
029000010250005500158000000  
029000010190005500158000000  
029000010200005500158000000  
029000010180005500158000000  
029000010090005500158000000  
029000010100005500158000000  
029000010130005500158000000  
029000010140005500158000000  
029000010150005500158000000  
029000010130005500158000000  
029000010140005500158000000  
029000011210005500158000000  
029000011220005500158000000  
029000011230005500158000000  
029000010090005500158000000  
029000010160005500158000000  
029000010140005500158000000  
029000010150005500158000000  
029000010130005500158000000  
029000010140005500158000000  
029000011210005500158000000  
029000011220005500158000000  
029000011230005500158000000  
029000010260005500158000000  
029000010270005500158000000  
029000010280005500158000000  
029000010290005500158000000  
029000010310005500158000000  
029000010320005500158000000  
000000000000000000000000000  
000000000000000000000000000  
030000010080005500158000000  
030000012500005500158000000  
030000010010005500158000000  
030000010020005500158000000  
030000010230005500158000000  
030000010240005500158000000  
030000010250005500158000000  
030000010190005500158000000  
030000010200005500158000000  
030000010180005500158000000  
030000010090005500158000000  
030000010410005500158000000  
030000010420005500158000000  
030000010430005500158000000  
030000010440005500158000000  
030000010450005500158000000  
030000010460005500158000000  
030000010470005500158000000  
030000010480005500158000000  
030000010490005500158000000  
030000010500005500158000000  
030000010510005500158000000  
030000010520005500158000000  
030000010530005500158000000  
030000010540005500158000000  
030000010550005500158000000  
030000010560005500158000000  
030000010570005500158000000  
030000010580005500158000000  
030000010590005500158000000  
030000010600005500158000000  
030000010610005500158000000  
030000010620005500158000000  
030000010630005500158000000  
030000010640005500158000000  
030000010650005500158000000  
030000010660005500158000000  
030000010670005500158000000  
030000010680005500158000000  
030000010690005500158000000  
030000010700005500158000000  
030000010710005500158000000  
030000010720005500158000000  
030000010730005500158000000  
030000010740005500158000000  
030000010750005500158000000  
030000010760005500158000000  
030000010770005500158000000  
030000010780005500158000000  
030000010790005500158000000  
030000010800005500158000000  
030000010350005500158000000  
030000010160005500158000000  
030000010140005500158000000  
030000010150005500158000000  
030000010220005500158000000  
030000010220005500158000000  
030000010230005500158000000  
030000010240005500158000000  
030000010250005500158000000  
030000010260005500158000000  
030000010270005500158000000  
030000010280005500158000000  
030000010290005500158000000  
030000010310005500158000000  
030000010320005500158000000  
031000010080000000000000000  
031000012500000000000000000  
031000380010005500158000000  
031000390020006000017000000  
031000460090007200078000000  
031000470100007200151000000  
031000480110007800017000000  
031000500130008400146000000  
031000510140008400160000000  
031000520150008900018000000  
031000530160008900060000000  
031000541240000000000000000  
031000540170012100128000000  
031000540210000000000000000  
031000590220018100085000000  
031000600230018100123000000  
031000610240018100140000000  
031000620250018100182000000  
031000060260025000059000000  
031000010270005500158000000  
031000010280005500158000000  
031000010300005500158000000  
031000010310005500158000000  
000000000000000000000000000  
032000010080005500060000000  
032000380010005500060000000  
032000390020005500113000000  
032000460090008300138000000  
032000470100008900117000000  
032000480110008900170000000  
032000500130010000148000000  
032000510140010000165000000  
032000520150010700024000000  
032000530160010700066000000  
032000011240000000000000000  
032000540170012000073000000  
032000600230018100123000000  
032000610240018100140000000  
032000620250018100182000000  
032000560190013300113000000  
032000570200013300151000000  
032000540210000000000000000  
032000590220018100085000000  
032000600230018100123000000  
032000610240018100140000000  
032000620250018100182000000  
032000060260025000059000000  
032000010270005500158000000  
032000010280005500158000000  
032000010290005500158000000  
032000010310005500158000000  
032000010320005500158000000  
000000000000000000000000000  
000000000000000000000000000  
000000000000000000000000000  
033000010080005500060000000  
033000012500005500060000000  
033000380010005500060000000  
033000390020005500113000000  
033000460090008300138000000  
033000470100008900117000000  
033000480110008900170000000  
033000500130010000148000000  
033000510140010000165000000  
033000520150010700024000000  
033000530160010700066000000  
033000540170012000073000000  
033000600230018100123000000  
033000610240018100140000000  
033000620250018100182000000  
033000560190013300113000000  
033000570200013300151000000  
033000540210000000000000000  
033000590220018100085000000  
033000600230018100123000000  
033000610240018100140000000  
033000620250018100182000000  
033000060260025000059000000  
033000010270005500158000000  
033000010280005500158000000  
033000010290005500158000000  
033000010310005500158000000  
033000010320005500158000000  
000000000000000000000000000  
000000000000000000000000000  
034000010080005500060000000  
034000012500000000000000000  
034000380010005500060000000  
034000390020005500113000000  
034000410040006600116000000  
034000420050006600167000000  
034000460090008300138000000  
034000470100008900117000000  
034000480110008900170000000  
034000500130010000148000000  
034000510140010000165000000  
034000520150010700024000000  
034000530160010700066000000  
034000540170012000073000000  
034000560190013300113000000  
034000570200013300151000000  
034000540210000000000000000  
034000590220018100085000000  
034000600230018100123000000  
034000610240018100140000000  
034000620250018100182000000  
034000060260025000059000000  
034000110270025500023000000  
034000060310025000059000000  
034000110320025500023000000  
034000060330025000059000000  
034000110340025500023000000  
034000630280026000057000000  
034000650300027000034000000  
000000000000000000000000000  
000000000000000000000000000  
000000000000000000000000000  
000000000000000000000000000  
000000000000000000000000000  
000000000000000000000000000  
000000000000000000000000000  
000000000000000000000000000  
035000010080005500060000000  
035000012500005500060000000  
035000380010005500060000000  
035000390020005500113000000  
035000410130006600116000000  
035000420140006600167000000  
035000460150008300138000000  
035000471990008900117000000  
035000480230008900170000000  
035000500240010000148000000  
035000510250010000165000000  
035000520190010700024000000  
035000530200010700066000000  
035000590210000000000000000  
035000540220012000073000000  
035000560230013300113000000  
035000570240013300151000000  
035000540250000000000000000  
035000590260018100085000000  
035000600270018100123000000  
035000610310018100140000000  
035000620320018100182000000  
035000610310018100140000000  
035000620320018100182000000  
035000060280025000059000000  
035000110300025500023000000  
000000000000000000000000000  
000000000000000000000000000  
000000000000000000000000000  
000000000000000000000000000  
000000000000000000000000000  
000000000000000000000000000  
000000000000000000000000000  
000000000000000000000000000  
000000000000000000000000000  
000000000000000000000000000  
000000000000000000000000000  
036000010010000000000000000  
036000060030000000000000000  
036000050020000000000000000  
036000060030000000000000000  
036000110040000000000000000  
036000060070000000000000000  
036000110080000000000000000  
036000060090000000000000000  
036000110100000000000000000  
036000070050000000000000000  
036000080060000000000000000  
000000000000000000000000000  
000000000000000000000000000  
000000000000000000000000000  
000000000000000000000000000  
000000000000000000000000000  
000000000000000000000000000  
000000000000000000000000000  
000000000000000000000000000  
000000000000000000000000000  
000000000000000000000000000  
037000010080000000000000000  
037000012500000000000000000  
037000060260000000000000000  
037000110270000000000000000  
037000380010000000000000000  
037000390020000000000000000  
037000410040000000000000000  
037000420050000000000000000  
037000540170000000000000000  
037000460090000000000000000  
037000462000000000000000000  
037000470100000000000000000  
037000480110000000000000000  
037000560190000000000000000  
037000570200000000000000000  
037000500130000000000000000  
037000510140000000000000000  
037000520150000000000000000  
037000530160000000000000000  
037000692010000000000000000  
037000702020000000000000000  
037000712030000000000000000  
037000500130000000000000000  
037000510140000000000000000  
037000520150000000000000000  
037000590210000000000000000  
037000590220000000000000000  
037000600230000000000000000  
037000610240000000000000000  
037000620250000000000000000  
037000060260000000000000000  
037000110270000000000000000  
037000060310000000000000000  
037000112320000000000000000  
037000060330000000000000000  
037000110340000000000000000  
037000070280000000000000000  
037000080300000000000000000  
000000000000000000000000000  
038000060010000000000000000  
038000110020000000000000000  
038001460030000000000000000  
038001500040000000000000000  
038000080050000000000000000  
038001460070000000000000000  
038001500080000000000000000  
038000080090000000000000000  
038001470110000000000000000  
038000260120000000000000000  
038001470130000000000000000  
038000260140000000000000000  
038001420150000000000000000  
038001430160000000000000000  
038001440170000000000000000  
038001450180000000000000000  
038001460190000000000000000  
038001470200000000000000000  
038001500210000000000000000  
038001460230000000000000000  
038001470240000000000000000  
038001500250000000000000000  
038001470270000000000000000  
038000260280000000000000000  
038001470290000000000000000  
038000260300000000000000000  
038001420310000000000000000  
038001430320000000000000000  
038001420330000000000000000  
038001430340000000000000000  
000000000000000000000000000  
000000000000000000000000000  
000000000000000000000000000  
000000000000000000000000000  
000000000000000000000000000  
000000000000000000000000000  
000000000000000000000000000  
000000000000000000000000000  
000000000000000000000000000  
000000000000000000000000000  
000000000000000000000000000  
000000000000000000000000000  
000000000000000000000000000  
000000000000000000000000000  
000000000000000000000000000  
000000000000000000000000000  
000000000000000000000000000  
000000000000000000000000000  
000000000000000000000000000  
000000000000000000000000000  
000000000000000000000000000  
000000000000000000000000000  
000000000000000000000000000  
000000000000000000000000000  
000000000000000000000000000  
000000000000000000000000000  
039000010080000000000000000  
039000012500000000000000000  
039000380010000000000000000  
039000390020000000000000000  
039000600230000000000000000  
039000610240000000000000000  
039000620250000000000000000  
039000560190000000000000000  
039000570200000000000000000  
039000541990000000000000000  
039000690420000000000000000  
039000700430000000000000000  
039000710440000000000000000  
039000460090000000000000000  
039000500360000000000000000  
039000510370000000000000000  
039000520380000000000000000  
039000530160000000000000000  
039000670210000000000000000  
039000590220000000000000000  
039000600230000000000000000  
039000610240000000000000000  
039000620250000000000000000  
039000060260000000000000000  
039000110270000000000000000  
039000060310000000000000000  
039000110320000000000000000  
039000060330000000000000000  
039000110340000000000000000  
039000630280000000000000000  
039000650300000000000000000  
000000000000000000000000000  
000000000000000000000000000  
000000000000000000000000000  
000000000000000000000000000  
000000000000000000000000000  
000000000000000000000000000  
000000000000000000000000000  
000000000000000000000000000  
000000000000000000000000000  
000000000000000000000000000  
000000000000000000000000000  
000000000000000000000000000  
000000000000000000000000000  
000000000000000000000000000  
000000000000000000000000000  
000000000000000000000000000  
000000000000000000000000000  
000000000000000000000000000  
000000000000000000000000000  
000000000000000000000000000  
000000000000000000000000000  
000000000000000000000000000  
000000000000000000000000000  
000000000000000000000000000  
000000000000000000000000000  
040000010080000000000000000  
040000012500000000000000000  
040000380010000000000000000  
040000390020000000000000000  
040000600230000000000000000  
040000610240000000000000000  
040000620250000000000000000  
040000560190000000000000000  
040000570200000000000000000  
040000541990000000000000000  
040000460090000000000000000  
040000470100000000000000000  
040000480110000000000000000  
040000500130000000000000000  
040000510140000000000000000  
040000520150000000000000000  
040000530130000000000000000  
040000691210000000000000000  
040000701220000000000000000  
040000711230000000000000000  
040000500130000000000000000  
040000510140000000000000000  
040000520150000000000000000  
040000590210000000000000000  
040000590220000000000000000  
040000600230000000000000000  
040000610240000000000000000  
040000620250000000000000000  
040000060260025000059000000  
040000110270025500023000000  
040000060310025000059000000  
040000110320025500023000000  
040000060330025000059000000  
040000110340025500023000000  
040000630280026000057000000  
040000650300027000034000000  
000000000000000000000000000  
000000000000000000000000000  
000000000000000000000000000  
000000000000000000000000000  
000000000000000000000000000  
041000010080000000000000000  
041000012500000000000000000  
041000380010000000000000000  
041000390020000000000000000  
041000600230000000000000000  
041000610240000000000000000  
041000620250000000000000000  
041000560190000000000000000  
041000570200000000000000000  
041000541990000000000000000  
041000460090000000000000000  
041000470100000000000000000  
041000480110000000000000000  
041000500130000000000000000  
041000510140000000000000000  
041000520150000000000000000  
041000530130000000000000000  
041000700430000000000000000  
041000740470000000000000000  
041000780510000000000000000  
041000820550000000000000000  
041000691210000000000000000  
041000701220000000000000000  
041000711230000000000000000  
041000500130000000000000000  
041000510140000000000000000  
041000520150000000000000000  
041000590210000000000000000  
041000590220000000000000000  
041000600230000000000000000  
041000610240000000000000000  
041000620250000000000000000  
041000060260025000059000000  
041000110270025500023000000  
041000060310025000059000000  
041000110320025500023000000  
041000060330025000059000000  
041000110340025500023000000  
041000630280026000057000000  
041000650300027000034000000  
000000000000000000000000000  
000000000000000000000000000  
000000000000000000000000000  
000000000000000000000000000  
000000000000000000000000000  
000000000000000000000000000  
000000000000000000000000000  
000000000000000000000000000  
000000000000000000000000000  
000000000000000000000000000  
000000000000000000000000000  
000000000000000000000000000  
000000000000000000000000000  
000000000000000000000000000  
000000000000000000000000000  
000000000000000000000000000  
000000000000000000000000000  
000000000000000000000000000  
000000000000000000000000000  
042000590010000000000000000  
042000600020000000000000000  
042000610030000000000000000  
042000620040000000000000000  
042000060050000000000000000  
042000110060000000000000000  
042000070070000000000000000  
042000060140000000000000000  
042000070150000000000000000  
042000110160000000000000000  
042000090080000000000000000  
042000080090000000000000000  
042000140100000000000000000  
042000310110000000000000000  
042000530120000000000000000  
042000250130000000000000000  
000000000000000000000000000  
000000000000000000000000000  
000000000000000000000000000  
000000000000000000000000000  
000000000000000000000000000  
043000010010000000000000000  
043000010020000000000000000  
043000030030000000000000000  
043000630040000000000000000  
043000050050000000000000000  
043000110060000000000000000  
043000070070000000000000000  
043000070080000000000000000  
043000080100000000000000000  
043000090090000000000000000  
043000100110000000000000000  
043000150120000000000000000  
043000150130000000000000000  
043000460140000000000000000  
043000600150000000000000000  
043000540160000000000000000  
043000190170000000000000000  
043000460180000000000000000  
043000460190000000000000000  
043000090200000000000000000  
043000140210000000000000000  
043000090220000000000000000  
043000310230000000000000000  
043000250240000000000000000  
000000000000000000000000000  
000000000000000000000000000  
000000000000000000000000000  
000000000000000000000000000  
000000000000000000000000000  
000000000000000000000000000  
000000000000000000000000000  
000000000000000000000000000  
000000000000000000000000000  
000000000000000000000000000  
000000000000000000000000000  
000000000000000000000000000  
000000000000000000000000000  
000000000000000000000000000  
000000000000000000000000000  
044000010080000000000000000  
044000012500000000000000000  
044000560190000000000000000  
044000570200000000000000000  
044000541990000000000000000  
044000460090000000000000000  
044000470100000000000000000  
044000480110000000000000000  
044000500130000000000000000  
044000510140000000000000000  
044000520150000000000000000  
044000530130000000000000000  
044000691210000000000000000  
044000701220000000000000000  
044000711230000000000000000  
044000500130000000000000000  
044000510140000000000000000  
044000520150000000000000000  
044000590210000000000000000  
044000590220000000000000000  
044000600230000000000000000  
044000610240000000000000000  
044000620250000000000000000  
044000060260025000059000000  
044000110270025500023000000  
044000060310025000059000000  
044000110320025500023000000  
044000060330025000059000000  
044000110340025500023000000  
044000630280026000057000000  
044000650300027000034000000  
000000000000000000000000000  
000000000000000000000000000  
000000000000000000000000000  
000000000000000000000000000  
000000000000000000000000000  
000000000000000000000000000  
000000000000000000000000000  
000000000000000000000000000  
000000000000000000000000000  
045000010080000000000000000  
045000012500000000000000000  
045000560190000000000000000  
045000570200000000000000000  
045000541990000000000000000  
045000460090000000000000000  
045000470100000000000000000  
045000480110000000000000000  
045000500130000000000000000  
045000510140000000000000000  
045000520150000000000000000  
045000530130000000000000000  
045000700430000000000000000  
045000740470000000000000000  
045000780510000000000000000  
045000820550000000000000000  
045000691210000000000000000  
045000701220000000000000000  
045000711230000000000000000  
045000500130000000000000000  
045000510140000000000000000  
045000520150000000000000000  
045000590210000000000000000  
045000590220000000000000000  
045000600230000000000000000  
045000610240000000000000000  
045000620250000000000000000  
045000060260025000059000000  
045000110270025500023000000  
045000060310025000059000000  
045000110320025500023000000  
045000060330025000059000000  
045000110340025500023000000  
045000630280026000057000000  
045000650300027000034000000  
000000000000000000000000000  
000000000000000000000000000  
000000000000000000000000000  
000000000000000000000000000  
000000000000000000000000000  
000000000000000000000000000  
046000010080000000000000000  
046000012500000000000000000  
046000560190000000000000000  
046000570200000000000000000  
046000541990000000000000000  
046000500130000000000000000  
046000510140000000000000000  
046000520150000000000000000  
046000460090000000000000000  
046000700360000000000000000  
046000740370000000000000000  
046000780380000000000000000  
046000530130000000000000000  
046000670210000000000000000  
046000590220000000000000000  
046000600230000000000000000  
046000610240000000000000000  
046000620250000000000000000  
046000060260000000000000000  
046000110270000000000000000  
046000060310000000000000000  
046000110320000000000000000  
046000060330000000000000000  
046000110340000000000000000  
046000630280000000000000000  
046000650300000000000000000  
000000000000000000000000000  
000000000000000000000000000  
000000000000000000000000000  
000000000000000000000000000  
000000000000000000000000000  
000000000000000000000000000  
047000010080000000000000000  
047000012500000000000000000  
047000380010000000000000000  
047000390020000000000000000  
047000540170000000000000000  
047000460090000000000000000  
047000470100000000000000000  
047000480110000000000000000  
047000500130000000000000000  
047000510140000000000000000  
047000520150000000000000000  
047000530160000000000000000  
047000541240000000000000000  
047000510130000000000000000  
047000510140000000000000000  
047000510150000000000000000  
047000541240000000000000000  
047000540210000000000000000  
047000590220000000000000000  
047000600230000000000000000  
047000610240000000000000000  
047000620250000000000000000  
047000060260000000000000000  
047000010270000000000000000  
047000010310000000000000000  
047000010320000000000000000  
047000010310000000000000000  
047000010320000000000000000  
047000010280000000000000000  
047000010300000000000000000  
000000000000000000000000000  
000000000000000000000000000  
000000000000000000000000000  
000000000000000000000000000  
000000000000000000000000000  
000000000000000000000000000  
000000000000000000000000000  
000000000000000000000000000  
048000010080000000000000000  
048000012500000000000000000  
048000380010000000000000000  
048000390020000000000000000  
048000600230000000000000000  
048000610240000000000000000  
048000620250000000000000000  
048000560190000000000000000  
048000570200000000000000000  
048000541990000000000000000  
048000460090000000000000000  
048000470100000000000000000  
048000500130000000000000000  
048000510140000000000000000  
048000520150000000000000000  
048000530160000000000000000  
048000691210000000000000000  
048000701220000000000000000  
048000711230000000000000000  
048000540210000000000000000  
048000590220000000000000000  
048000600230000000000000000  
048000610240000000000000000  
048000620250000000000000000  
048000060260000000000000000  
048000110270000000000000000  
048000060310000000000000000  
048000110320000000000000000  
048000060330000000000000000  
048000110340000000000000000  
048000630280000000000000000  
048000650300000000000000000  
000000000000000000000000000  
000000000000000000000000000  
000000000000000000000000000  
000000000000000000000000000  
000000000000000000000000000  
000000000000000000000000000  
000000000000000000000000000  
000000000000000000000000000  
049000010080000000000000000  
049000012500000000000000000  
049000380010000000000000000  
049000390020000000000000000  
049000600230000000000000000  
049000610240000000000000000  
049000620250000000000000000  
049000560190000000000000000  
049000570200000000000000000  
049000541990000000000000000  
049000502050000000000000000  
049000500130000000000000000  
049000510140000000000000000  
049000520150000000000000000  
049000530160000000000000000  
049000692140000000000000000  
049000702150000000000000000  
049000712160000000000000000  
049000502060000000000000000  
049000512070000000000000000  
049000522080000000000000000  
049000460090000000000000000  
049000472090000000000000000  
049000502060000000000000000  
049000512070000000000000000  
049000522080000000000000000  
049000500160000000000000000  
049000691210000000000000000  
049000701220000000000000000  
049000711230000000000000000  
049000540210000000000000000  
049000590220000000000000000  
049000600230000000000000000  
049000610240000000000000000  
049000620250000000000000000  
049000060260000000000000000  
049000110270000000000000000  
049000060310000000000000000  
049000110320000000000000000  
049000060330000000000000000  
049000110340000000000000000  
049000630280000000000000000  
049000650300000000000000000  
000000000000000000000000000  
000000000000000000000000000  
000000000000000000000000000  
000000000000000000000000000  
000000000000000000000000000  
000000000000000000000000000  
000000000000000000000000000  
000000000000000000000000000  
000000000000000000000000000  
000000000000000000000000000  
000000000000000000000000000  
000000000000000000000000000  
000000000000000000000000000  
000000000000000000000000000  
000000000000000000000000000  
000000000000000000000000000  
000000000000000000000000000  
050000010080000000000000000  
050000012500000000000000000  
050000380010000000000000000  
050000390020000000000000000  
050000600230000000000000000  
050000610240000000000000000  
050000620250000000000000000  
050000560190000000000000000  
050000570200000000000000000  
050000541990000000000000000  
050000502050000000000000000  
050000500130000000000000000  
050000510140000000000000000  
050000520150000000000000000  
050000530160000000000000000  
050000692100000000000000000  
050000692110000000000000000  
050000692120000000000000000  
050000692130000000000000000  
050000692140000000000000000  
050000702150000000000000000  
050000712160000000000000000  
050000502060000000000000000  
050000512070000000000000000  
050000522080000000000000000  
050000460090000000000000000  
050000472090000000000000000  
050000502060000000000000000  
050000512070000000000000000  
050000522080000000000000000  
050000500160000000000000000  
050000691210000000000000000  
050000701220000000000000000  
050000711230000000000000000  
050000540210000000000000000  
050000590220000000000000000  
050000600230000000000000000  
050000610240000000000000000  
050000620250000000000000000  
050000060260000000000000000  
050000110270000000000000000  
050000060310000000000000000  
050000110320000000000000000  
050000060330000000000000000  
050000110340000000000000000  
050000630280000000000000000  
050000650300000000000000000  
000000000000000000000000000  
000000000000000000000000000  
000000000000000000000000000  
000000000000000000000000000  
000000000000000000000000000  
000000000000000000000000000  
000000000000000000000000000  
000000000000000000000000000  
000000000000000000000000000  
000000000000000000000000000  
000000000000000000000000000  
000000000000000000000000000  
000000000000000000000000000  
051000010080000000000000000  
051000012500000000000000000  
051000380010000000000000000  
051000390020000000000000000  
051000600230000000000000000  
051000610240000000000000000  
051000620250000000000000000  
051000560190000000000000000  
051000570200000000000000000  
051000541990000000000000000  
051000502050000000000000000  
051000500130000000000000000  
051000510140000000000000000  
051000520150000000000000000  
051000530160000000000000000  
051000692100000000000000000  
051000692110000000000000000  
051000692140000000000000000  
051000702150000000000000000  
051000712160000000000000000  
051000502060000000000000000  
051000512070000000000000000  
051000522080000000000000000  
051000460090000000000000000  
051000472090000000000000000  
051000502060000000000000000  
051000512070000000000000000  
051000522080000000000000000  
051000500160000000000000000  
051000691210000000000000000  
051000701220000000000000000  
051000711230000000000000000  
051000540210000000000000000  
051000590220000000000000000  
051000600230000000000000000  
051000610240000000000000000  
051000620250000000000000000  
051000060260000000000000000  
051000110270000000000000000  
051000060310000000000000000  
051000110320000000000000000  
051000060330000000000000000  
051000110340000000000000000  
051000630280000000000000000  
051000650300000000000000000  
000000000000000000000000000  
000000000000000000000000000  
000000000000000000000000000  
000000000000000000000000000  
000000000000000000000000000  
000000000000000000000000000  
000000000000000000000000000  
000000000000000000000000000  
000000000000000000000000000  
000000000000000000000000000  
000000000000000000000000000  
000000000000000000000000000  
000000000000000000000000000  
000000000000000000000000000  
000000000000000000000000000  
052000010080000000000000000  
052000012500000000000000000  
052000380010000000000000000  
052000390020000000000000000  
052000560190000000000000000  
052000570200000000000000000  
052000541990000000000000000  
052000500130000000000000000  
052000510140000000000000000  
052000520150000000000000000  
052000540210000000000000000  
052000590220000000000000000  
052000600230000000000000000  
052000610240000000000000000  
052000620250000000000000000  
052000060260000000000000000  
052000110270000000000000000  
052000060310000000000000000  
052000110320000000000000000  
052000060330000000000000000  
052000110340000000000000000  
052000630280000000000000000  
052000650300000000000000000  
000000000000000000000000000  
000000000000000000000000000  
000000000000000000000000000  
000000000000000000000000000  
000000000000000000000000000  
000000000000000000000000000  
000000000000000000000000000  
000000000000000000000000000  
000000000000000000000000000  
000000000000000000000000000  
000000000000000000000000000  
000000000000000000000000000  
000000000000000000000000000  
000000000000000000000000000  
000000000000000000000000000  
000000000000000000000000000  
000000000000000000000000000  
000000000000000000000000000  
000000000000000000000000000  
000000000000000000000000000  
000000000000000000000000000  
000000000000000000000000000  
000000000000000000000000000  
000000000000000000000000000  
000000000000000000000000000  
000000000000000000000000000  
000000000000000000000000000  
000000000000000000000000000  
000000000000000000000000000  
000000000000000000000000000  
000000000000000000000000000  
000000000000000000000000000  
000000000000000000000000000  
000000000000000000000000000  
000000000000000000000000000  
000000000000000000000000000  
000000000000000000000000000  
053000010080000000000000000  
053000012500000000000000000  
053000380010000000000000000  
053000390020000000000000000  
053000541990000000000000000  
053000502050000000000000000  
053000500130000000000000000  
053000510140000000000000000  
053000520150000000000000000  
053000530160000000000000000  
053000692140000000000000000  
053000702150000000000000000  
053000712160000000000000000  
053000502060000000000000000  
053000512070000000000000000  
053000522080000000000000000  
053000460090000000000000000  
053000472090000000000000000  
053000502060000000000000000  
053000512070000000000000000  
053000522080000000000000000  
053000500160000000000000000  
053000691210000000000000000  
053000701220000000000000000  
053000711230000000000000000  
053000590220000000000000000  
053000600230000000000000000  
053000610240000000000000000  
053000620250000000000000000  
053000060260000000000000000  
053000110270000000000000000  
053000060310000000000000000  
053000110320000000000000000  
053000060330000000000000000  
053000110340000000000000000  
053000630280000000000000000  
053000650300000000000000000  
000000000000000000000000000  
000000000000000000000000000  
000000000000000000000000000  
000000000000000000000000000  
000000000000000000000000000  
000000000000000000000000000  
000000000000000000000000000  
000000000000000000000000000  
000000000000000000000000000  
000000000000000000000000000  
000000000000000000000000000  
000000000000000000000000000  
000000000000000000000000000  
000000000000000000000000000  
000000000000000000000000000  
000000000000000000000000000  
056000542450000000000000000  
056000592460000000000000000  
056000602470000000000000000  
056000612480000000000000000  
056000622490000000000000000  
056000062500000000000000000  
056000540210000000000000000  
056000590220018100085000000  
056000600230018100123000000  
056000610240018100140000000  
056000620250018100182000000  
056000060260025000059000000  
056000010270005500158000000  
056000010280005500158000000  
056000010300005500158000000  
056000010310005500158000000  
056000010320005500158000000  
000000000000000000000000000  
000000000000000000000000000  
000000000000000000000000000  
000000000000000000000000000  
000000000000000000000000000  
057000062450000000000000000  
057000112460000000000000000  
057001462470000000000000000  
057001502480000000000000000  
057000082490000000000000000  
057001462500000000000000000  
057000060010000000000000000  
057000110020000000000000000  
057001460030000000000000000  
057001500040000000000000000  
057000080060000000000000000  
057001460070000000000000000  
057001500080000000000000000  
057000080100000000000000000  
057001470110000000000000000  
057000260120000000000000000  
057001470130000000000000000  
057000260140000000000000000  
057001420150000000000000000  
057001430160000000000000000  
057001440170000000000000000  
057001450180000000000000000  
057001460190000000000000000  
057001470200000000000000000  
057001500210000000000000000  
057001460230000000000000000  
057001470240000000000000000  
057001500250000000000000000  
057001470270000000000000000  
057000260280000000000000000  
057001470290000000000000000  
057000260300000000000000000  
057001420310000000000000000  
057001430320000000000000000  
057001420330000000000000000  
057001430340000000000000000  
000000000000000000000000000  
000000000000000000000000000  
000000000000000000000000000  
000000000000000000000000000  
000000000000000000000000000  
000000000000000000000000000  
000000000000000000000000000  
000000000000000000000000000  
000000000000000000000000000  
000000000000000000000000000  
000000000000000000000000000  
000000000000000000000000000  
000000000000000000000000000  
000000000000000000000000000  
000000000000000000000000000  
000000000000000000000000000  
000000000000000000000000000  
000000000000000000000000000  
059000062450000000000000000  
059000112460000000000000000  
059001462470000000000000000  
059001502480000000000000000  
059000082490000000000000000  
059001462500000000000000000  
059000570210000000000000000  
059000540220000000000000000  
059000590230000000000000000  
059000600240000000000000000  
059000610250000000000000000  
059000060260000000000000000  
059000110270000000000000000  
059000060310000000000000000  
059000110320000000000000000  
059000060330000000000000000  
059000110340000000000000000  
059000630280000000000000000  
059000650300000000000000000  
000000000000000000000000000  
000000000000000000000000000  
000000000000000000000000000  
000000000000000000000000000  
000000000000000000000000000  
000000000000000000000000000  
000000000000000000000000000  
000000000000000000000000000  
000000000000000000000000000  
000000000000000000000000000  
000000000000000000000000000  
000000000000000000000000000  
060000062450000000000000000  
060000112460000000000000000  
060001462470000000000000000  
060001502480000000000000000  
060000082490000000000000000  
060001462500000000000000000  
060001470210000000000000000  
060001500220000000000000000  
060001460230000000000000000  
060001470240000000000000000  
060001500250000000000000000  
060001470260000000000000000  
060000260270000000000000000  
060001470280000000000000000  
060000260300000000000000000  
060001420310000000000000000  
060001430320000000000000000  
060001420330000000000000000  
060001430340000000000000000  
000000000000000000000000000  
000000000000000000000000000  
000000000000000000000000000  
000000000000000000000000000  
000000000000000000000000000  
000000000000000000000000000  
000000000000000000000000000  
000000000000000000000000000  
000000000000000000000000000  
000000000000000000000000000  
000000000000000000000000000  
000000000000000000000000000  
000000000000000000000000000  
000000000000000000000000000  
000000000000000000000000000  
061000062450000000000000000  
061000112460000000000000000  
061001462470000000000000000  
061001502480000000000000000  
061000082490000000000000000  
061001462500000000000000000  
061000470810007200151000000  
061000500820008400146000000  
061000510830008400160000000  
061000520840008900018000000  
061000470850007200151000000  
061000500860008400146000000  
061000510870008400160000000  
061000520880008900018000000  
061000470890007200151000000  
061000500900008400146000000  
061000510910008400160000000  
061000520920008900018000000  
061000470930007200151000000  
061000500940008400146000000  
061000510950008400160000000  
061000520960008900018000000  
061000470970007200151000000  
061000500980008400146000000  
061000510990008400160000000  
061000521000008900018000000  
061000471010007200151000000  
061000501020008400146000000  
061000511030008400160000000  
061000521040008900018000000  
061000471050007200151000000  
061000501060008400146000000  
061000511070008400160000000  
061000521080008900018000000  
061000471090007200151000000  
061000501100008400146000000  
061000511110008400160000000  
061000521120008900018000000  
061000471130007200151000000  
061000501140008400146000000  
061000511150008400160000000  
061000521160008900018000000  
061000471170007200151000000  
061000501180008400146000000  
061000511190008400160000000  
061000521200008900018000000  
061000460350008900018000000  
061000500360010300140000000  
061000510370010300160000000  
061000520380011000025000000  
061000540210000000000000000  
061000590220018100085000000  
061000600230018100123000000  
061000610240018100140000000  
061000620250018100182000000  
061000060260025000059000000  
061000110270025500023000000  
061000060310025000059000000  
061000110320025500023000000  
061000060330025000059000000  
061000110340025500023000000  
061000630280026000057000000  
061000650300027000034000000  
000000000000000000000000000  
000000000000000000000000000  
000000000000000000000000000  
000000000000000000000000000  
000000000000000000000000000  
000000000000000000000000000  
000000000000000000000000000  
000000000000000000000000000  
000000000000000000000000000  
000000000000000000000000000  
000000000000000000000000000  
000000000000000000000000000  
062000062450000000000000000  
062000112460000000000000000  
062001462470000000000000000  
062001502480000000000000000  
062000082490000000000000000  
062001462500000000000000000  
062000540220000000000000000  
062000590230000000000000000  
062000600240000000000000000  
062000610250000000000000000  
062000060260000000000000000  
062000110270000000000000000  
062000060310000000000000000  
062000110320000000000000000  
062000060330000000000000000  
062000110340000000000000000  
062000630280000000000000000  
062000650300000000000000000  
000000000000000000000000000  
000000000000000000000000000  
000000000000000000000000000  
000000000000000000000000000  
000000000000000000000000000  
000000000000000000000000000  
000000000000000000000000000  
000000000000000000000000000  
000000000000000000000000000  
000000000000000000000000000  
000000000000000000000000000  
000000000000000000000000000  
063000062450000000000000000  
063000112460000000000000000  
063001462470000000000000000  
063001502480000000000000000  
063000082490000000000000000  
063001462500000000000000000  
063001500220000000000000000  
063001460230000000000000000  
063001470240000000000000000  
063001500250000000000000000  
063001470260000000000000000  
063000260270000000000000000  
063001470280000000000000000  
063000260300000000000000000  
063001420310000000000000000  
063001430320000000000000000  
063001420330000000000000000  
063001430340000000000000000  